precision: 0.9494883321661735
recall: 0.953516333938294
f1: 0.9514980701099075