precision: 0.9511516987273673
recall: 0.955015887426237
f1: 0.9530798763292904