precision: 0.03147654081440159
recall: 0.026384151437800717
f1: 0.02870625245772709