precision: 0.8007528025529825
recall: 0.8104347826086956
f1: 0.8055647020085611