precision: 0.9317600974514534
recall: 0.884259679028017
f1: 0.9073886698533432